0.55907270202753645659172932268461924351176633229391
-5.2851087768588789751117519216832197966704835365236e-25
-0.56867220122002640983897549321803679775192071012778
1.0290097543872957811327140854165425674721844742586e-24
0.45808050949202667336274149502961018723577504167577
-1.1982204028849107179789343639431963409442732769687e-24
-0.32160284254497967871049816882085131929634782502609
1.0529593117495465705360604479301466007680817028509e-24
0.19573846152791095803828637402139225438717859309791
-7.3633168639854924726207978505541671263256105515848e-25
-0.10168280800012373090107572104287880529664598346886
4.1082637857321518288537978726077023146260970164321e-25
0.043719268380453314725951271178498425307435820279999
-1.7568014147844449259891940391490495415941126252994e-25
-0.014498529946549942136066169964826813634610351172558
4.9401413059545130361875096866603961354092999817304e-26
0.0029013049891928435751685368276125402154528356394391
-1.3890703294071625122309845072118756160182046153329e-27
0.00031194531355166461953883791111018107094794565622872
-7.9926751407011475457613833053535878789982260882018e-27
-0.00059888940873589555804813520352096160684993971444406
5.3960848984691446483285714042617209136767393373176e-27
0.00030822734890333232037873509144824809729136500379328
-2.1294100499780065110551239797350109198622051305569e-27
-0.00010123435356606113759591499118860840239103975576859
5.5547796679366676875905846274708897242181677349239e-28
0.000022744449263233356868338150008664794286925382577464
-9.5762255812215506027579347257680705530689791410531e-29
-0.0000037862929075494395026789699805224830301365428136545
2.1060619861800408421363573676496300861333863006377e-29
0.0000011107454901126239725610034126295902321624779717129
-1.6147939491135896594371931611680143154756628562767e-29
-0.00000077357840098915773556827425145102603594855096343618
1.1527141801788066335088672269751480720612551263047e-29
0.00000046005418202286159734533208034879079472837030164316
-5.9080553148651308582741467672687651901276985459868e-30
-0.00000020904976272847099634722121140665040018552339234424
2.4664463917825490341052554750694268274494566365258e-30
0.000000080876211267547762302081151757500578972217169961218
-9.5279440281606273070761533012878001710282280244799e-31
-0.000000029632542657413761800865028205894719789755158209086
3.6714736461501255191445168466571124271476533086957e-31
0.000000010812656210166567363341479621682684423424128375446
-1.3911077751305375389039785935525527967262535403901e-31
-0.0000000038214572747089603128075059424302192064788079599941
4.8406388578337939164970430747549875548033956605727e-32
0.0000000012200196642796774600104936825081650010156270340477
-1.4141826561298742385928780066769552030906687389299e-32
-0.00000000031676148618497295749825591643552263331028420202712
2.7587648100044142740344759727027756274851384959191e-33
0.000000000045807846230023678057759291616538798184035667894696
2.5317757296271924632055308146638226776340355531792e-34
0.000000000015160676735436971740645626771550866323267931729214
-6.6031768304877190096536766613605709147006933129195e-34
-0.000000000018324798667167720458463736931248539223103103779215
4.6401273071762463005472839859587869761757507014468e-34
0.0000000000111384382616532726858064113178343605376423757852
-2.4259516352976636339433024384802968790164621744256e-34
-0.0000000000053124120446200646611151784644528438301320336413958
1.0610490200774803920522470411243697752867158291327e-34
0.0000000000021507159689741323073433965446602399261770486196687
-3.9836443143247949644895406562765143578149988484489e-35
-0.00000000000075078482877153113915886788184829895555817583593068
1.2757014216684109291932759410492257888841805886726e-35
0.00000000000022384683078249160135110672613358916260180001644756
-3.4007618556388002881250203613269992507937806290347e-36
-0.000000000000056008864410442934569170184527081082231821927769581
7.5677547021323805467858497215067519091289864125083e-37
0.000000000000012453062857003320702124313316626222322722457628562
-1.955942761972914599860474464444719847914849219891e-37
-0.0000000000000038976098175583896823881891264592463464610123767555
1.1676144403886389562493077738173481978660282143385e-37
0.0000000000000025277407096209676477394928637942374061586856296421
-9.5135457390905521430774629215053390824598732980441e-38
-0.0000000000000018663975184787656598683397783272661372867480622237
6.6056312438415058488757278621047597733654234477356e-38
0.0000000000000011741902743482912363243497792288189065208187749406
-3.8007559199629176262836287934938052230508699812762e-38
-6.254751689847193787007210089902513222615241914212e-16
1.8833165741316731424776502688944304032451429891444e-38
2.9214970461009952141039590794622828211687527567338e-16
-8.3877773859738828016448001038200107022465628365218e-39
-1.2467283964732386394985436304769699057823839148675e-16
3.5282323775485895028304687407296969380039447762188e-39
5.1012545494780039384668447339343117442819517656217e-17
-1.4793768599433839201825740024490508553360516646113e-39
-2.0979425537563015185962183737344278681713949525745e-17
6.3863429127744406790294489877984269805461093286507e-40
8.8335987213647547368467195851522779490803622314896e-18
-2.7848141341716910424567809629850663338480093695371e-40
-3.6933875586643445842850754066599650556898940962011e-18
1.1494630207152893852475038652718160793548839797211e-40
1.4300226594765311948642905698009201537239056627321e-18
-4.0697340254269325781398831598550847106039603264988e-41
-4.5734776529816722155673411986811427023837572141374e-19
9.7661791000744953980746324211690241692629452907448e-42
8.212928589846930741287382315458933102082042511619e-20
9.6196980773089632662706703787496668127292120939788e-43
3.349632049960025677132259510308685732246516942038e-20
-3.3947797869353113084015055114080453470402115683375e-42
-5.1461301166075182178107262755804493520037845791823e-20
3.0609561908160833754288850675154871837358146394019e-42
4.0893221303509624555668398051197169957947419789135e-20
-2.1357511642752117965741184041762600417011384442333e-42
-2.6601857545557298004571192976798224564180784063574e-20
1.3105352378277791727410660450821550213431771567248e-42
1.5433103983376469962082954806805415499339138221925e-20
-7.3021810636502910353669228029934973807851515959742e-43
-8.1611847543187004018853924738769634739154617936538e-21
3.7084661792515132937602476564339961285785284741891e-43
3.9321695233553081944485141483083366734897877136858e-21
-1.6971070943909169464577214867706314409903700567708e-43
-1.7005701529479566182286452709962283572388098304965e-21
6.7839469575645930738279882535750325365744482585426e-44
6.3683235356474728366889816207940518547743839146016e-22
-2.1990186580666861402943931485752717374788628233645e-44
-1.9004783992027469532289153746125448342209082338559e-22
4.625078647633242970572336158375871533825043152022e-45
3.5560856211931626663352964954884430539190359313403e-23
3.7386843011840823953442344126419125108899306392554e-47
-1.0141828116621310216953237355042361368493952561444e-24
-7.3020406449164148552941407384794105845355305415876e-47
4.9138194442781464192765683405722465098165188904127e-24
-9.1999561362719418415210017956893300013301887975176e-46
-1.4303438596436755463793423127505443863808165724324e-23
1.6295548774184960969187270950605474064825298030437e-45
1.9010519508302938763987086699704937018154593359598e-23
-1.7934923091810697284239860449277404410333097982269e-45
-1.8347597451191100799579003985707206563586420199592e-23
1.5761504447934493808300279355334797968580154098856e-45
1.4567114157326060848523350334185689168267023463715e-23
-1.1661366456117199666956463518349109479798078744593e-45
-9.8537284935959285622472058480387114993613653926192e-24
7.0541751346711280924554670267458136114577112157443e-46
5.5738966163088460404199108182112590155501678259807e-24
-3.4090913703785282715994698601077266396216206189013e-46
-2.6815139730735168424788040927703933459083760790015e-24
1.6373286809238926832855230864400264417375294671743e-46
1.4029896029982855284282747523203730049875215578716e-24
-1.1722406760948595817613207296037920855196867680472e-46
-1.0615448958033946839286341667116758934209002006551e-24
1.0403974171323549148862498258758728566920300459749e-46
8.2741722490352795523236861903753478924997378497663e-25
-7.4334053672842598208613384870498608331245973921541e-47
-5.5021454222527980516186164428883024685808338821092e-25
3.4597309540732031474432520401058036869889403932139e-47
3.7017952253419541584602913416558034007646915459205e-25
-1.2512213179085233682746583998072074764141212899105e-47
-3.041739647262908943703829787157690842086978826025e-25
2.8342883450590266082180440513458925346479612928165e-47
2.9446271061584041885797400732419736883904520567126e-25
-4.4562826033284760942215064669323430782653648279719e-47
-2.3759754065558965061659713786267468188089782807434e-25
2.5609125225577780055741506717401973056167494791466e-47
1.4550658972722020121854146181807623136839790970024e-26
9.158203382095295872100065727014771373300357851123e-48
2.3145907145632960763444567839270279375187492523183e-25
-2.5936678372320552528510059864204455251525068360306e-47
-2.6415288345659283378460313917320720768578338002627e-25
2.45536981487080961384108713821196961437884098799e-47
