0.57272900922277760826930150647134572140711342897484
-2.2037963944619711594289252399083770488170727450182e-31
-0.57676138131768095086350877137130906517257320121474
4.2148449833624903420628864887452547772437031568145e-31
0.45370623490141444618620450663889504721104886961822
-4.7488164130153532579707080579619082889095394282856e-31
-0.3065169377755298010003072831550836254968163832068
3.9703001934029730612333748847850856600081590240696e-31
0.17651860764594087702920449948586508785751428677299
-2.5875986645482612033110134494543861449460458135029e-31
-0.084926006776659306508700365451159695964658240052517
1.3064073289660720684357601125736022692796470495248e-31
0.032726627748655603891467791724300941841191194465912
-4.7750809412871001605456842063008329579414634190069e-32
-0.0090491022097084663302494316429181766179382568959075
9.2481772167042234909590123313225783052696004350124e-33
0.0010094684035849535166022405002099319060900077429284
2.2111712479867163453377364617347396412917934853437e-33
0.00061129733084345771392265445052420893129326848949003
-2.8661744554021425768374456922636724650737201798862e-33
-0.00046754728560989941241517373008713886876563030734326
1.380599674571568573462191770976179417919894085246e-33
0.00018116616466631332508945042548135775106274409491926
-4.1918195725873874653601264417680232759527093942665e-34
-0.000046726238625875478388543187484171163372245045593621
8.5202707776235827703956654154697417979045796170873e-35
0.0000086873131356966351037388443246988430735528768724799
-1.6253369328504077665025065553714683951849631524468e-35
-0.0000019380684493769511107359511361957634471101365732931
8.386129959699501113929826281276358543579830728826e-36
0.000001033310277555143074734937391895020862575193709321
-5.7915132793343439970815513122261158200040832241736e-36
-0.00000060426202343943984159996419496260616212168938513769
3.0337336186466787345097690119160711170751096644728e-36
0.0000002787731862594506436570260965345381889886914191671
-1.284686414430820869121846351480054076918734540303e-36
-0.00000010853615287234739469672496105360837714044565162428
4.9545025443940941421527372126321256447886788222243e-37
0.000000039365486660732672600153835331950126210900006035023
-1.8697671991306224896380492872273364633662930038197e-37
-0.000000013965442207841409988602113411242078630356077567814
6.8268048724716177231350949165286835619500208426015e-38
0.0000000047289238100631277757399465873255903613313889563635
-2.2548438951226046997172802911179873454933743949042e-38
-0.0000000014216361399731052049790115044948477512905516329426
6.0277460987044756246903265179164820727977343452732e-39
0.00000000032972421703216700286260755186024022333893892193075
-8.6453516443571749354295522886214433014913274765044e-40
-0.000000000025731553428715071065525787669284112831993724125179
-3.3929356063041899926181438855311229556705633063116e-40
-0.000000000031064881040000233154205361881086312242627223492969
3.9884587860548334787074149192834303313821634763799e-40
0.000000000026313695160643690773244459294038253917226542569657
-2.432670987336981941700601945717102750525076101887e-40
-0.000000000014203044263248293341881984412414156506447043244353
1.1571063649475170357164223828607331696670151075701e-40
0.0000000000061794206071250339569258420254006601493938115166106
-4.6084023746020285132630294930131840725620706267752e-41
-0.0000000000022739384726392659764219922102306011441643792513073
1.5507635946464302772992287866090261268947460381666e-41
0.00000000000071018578591402348037716073977866664977314519991034
-4.3484861298326810437761823469085078508149291956326e-42
-0.00000000000018680958113554549778080818445960289016415507313017
1.0303016832474860321119676265123047714468721099528e-42
0.000000000000043985010152789173485891194990334742179128808644789
-2.775253403668139911250711688077270632452271923049e-43
-0.000000000000013790217987809360695576423004976746233546170783644
1.5520504104912107340491108656262444855230746736733e-43
0.0000000000000083115524669662026692361497363165420389557898383261
-1.2030574754335803585028976660018972807339534709439e-43
-0.0000000000000058888631847495164245891516378551934335311065546452
8.1712028674461369081444217236798739620218494822043e-44
0.0000000000000036306533906380863366397830533383373675637485670695
-4.633858943104621347600724173653886633404692588004e-44
-0.0000000000000019082301642697845837190491351966791592997508209833
2.2772622542750502844801248587796471086895710345571e-44
8.8667274543646625273920347939251164406678734499147e-16
-1.0219448806894713849187074912031487744996358623191e-44
-3.8308372668252078914354167504951646646292005728205e-16
4.4537591597152970104286878349795128074147355617489e-45
1.6266013482745352379147806152000675673635247946353e-16
-1.9786491923711208215224146223363255922662643991642e-45
-7.0233488947052741873483184074074565503321719590319e-17
8.925371268372521409321009754579256408793109210258e-46
3.0295715481150567108844097673214698296624845420999e-17
-3.8428863132420671990778387430321971374174006833405e-46
-1.2208964400457148877422380529501937693376536031937e-17
1.4282858417736693857106246644376519299965913908147e-46
4.099044855511888592997656011352909028696053298951e-18
-3.6360194821742470797887424650738745265166225519288e-47
-7.8956145181271201654598075182755042772463490854351e-19
-3.5481487541227025669206250817825440316956607692281e-48
-3.1978772881899972241625226369950251523295930976672e-19
1.4228842616402931776676287283464779461046852886905e-47
5.3878468863617246560228125763781102012824176044677e-19
-1.3908070191323995390866542454856844673914260243172e-47
-4.5974234794618395949966525099344387941724816959523e-19
1.0397277106390843367735389908829410092283642794184e-47
3.1776704563345681984188306910028949091306341326185e-19
-6.7605180942792157030123654367703486529644404989726e-48
-1.9396800129045053842819967871225019157157326844288e-19
3.9584872906623041545024511937828751682930014981789e-48
1.0654805215578847179853650596690980422517664771293e-19
-2.0881136981658256708694935539281533823879351972939e-48
-5.2069160442522238765393435327694781527732793216237e-20
9.5354267442823207021669115281738470161594236314608e-49
2.1403545466364397346189061088232110474207189018085e-20
-3.0301494527756941636290285929082373087061598094814e-49
-5.732344360366549179976465356819031194363309221491e-21
-1.9549165820207319660851849627847261740100904793169e-50
-8.1456026423190005967820039511773520887287279835955e-22
1.2131849036844103347182478681553042381249085469668e-49
1.8455729293227904287098177585679761801066112252806e-21
-5.0304084131754726417877096537511812029314955879081e-50
1.7367856198008266741950561596637173606761199316975e-22
-8.9531737832964070219879064199734025192207660190543e-50
-2.5413448579193408587105865287776568164536059949416e-21
1.5022799657658501058743031591517622157429612947254e-49
2.9148168822229444320287202198242638848641199407137e-21
-1.2395545895206251341179743224494610353501170855051e-49
-2.1836914660236255854186882304848834203802170580535e-21
8.6966951184760095026977108759709472738669909569467e-50
1.6986485547812375063766095306954992091451906748151e-21
-7.5239792400713899212476898673227868492153216197418e-50
-1.708900261317371258232045077173024122681499403261e-21
8.3820594101797130801361258934330584323752014940139e-50
1.7861403002389973299242803816943036054483987220488e-21
-6.6076950838873982495991783158342247558447638696698e-50
-1.1839251687945406915590158200152250964366656286486e-21
2.5821763852604215207490573347421386838350863510156e-50
1.4722609315972142872804475205116998059106787974193e-22
1.2615281386426551226747410013625545165409550621439e-50
5.6025952107109049382779675334136306708301234556617e-22
-2.8493868825373983989047232027785438016632859821546e-50
-7.5926131402403845679882644574903613915467167723688e-22
2.7411133157134824348685418584169335833464028079084e-50
5.7950226945368529603301012846757307044062451311063e-22
-3.5734028874141925977619274083565539574020412493123e-50
-6.5145997843851926558384062788599925685337735776909e-22
2.8945276245957209230317486119878262058910023412233e-50
5.9146722429685870506963507637317996352734950678384e-22
-2.4800878333617191326446961284683317354109585705216e-51
-2.038395398877523490086658131480863482864194975734e-22
1.164556712613542372370197825180124798565815057354e-51
