0.73263753696032395586422929097198357076793230950395
2.2355313220419183638316708025583886353515113970084e-36
-0.60518283209970635690820172383681887390034098054371
-2.9199242230327319658261220118528640306570273450582e-36
0.29715322715039422113723746967673209560084025277325
1.6111519306392371958943814081474375328701368383201e-36
-0.091974544644875165355682226399703971601927333114618
-4.2218675524165115368745934451650305077833366196826e-37
0.015365619520430228395440967421249749856134767155472
1.7032920304452963433225619077759097867969554363647e-38
-0.0000028660064142508679586394541647519149316364147409058
2.3174721869527307680363406825455466146178311351601e-38
-0.00068534339136174381983491994305173590022750226685635
-8.9020094885358001007256960537824817430690121286663e-39
0.00021309900625596156319873987373482201497933234194813
2.8458579731016980451598163801823925393287110423375e-39
-0.000061463134772198932172345663166272148877434858877949
-1.4310536904641908602496998282776725213258835920802e-39
0.000025041146097500789439651936071047614260080469505359
6.3895251031048734303181801023054404963126640740876e-40
-0.00001052913239764975452538908323552260829690124612645
-1.9799576915714203450447437473235112112389112258663e-40
0.0000024724323394724737631944115188746731793265448589013
7.4049335520424807272478121252908777161289691727954e-41
