-0.55907422260474215818442801718938890757443605071179
3.4628335544517245671670789078363795323581772899684e-24
0.5686730902965990195819268772270100542611528828276
-6.7421334297119245657117185242465839824216451735906e-24
-0.45808001435622782607284784664264505770379899822748
7.850816952441753580968387277304632841950336195148e-24
0.32160120954631462651927079020857767011712615650212
-6.8990633473638864460610968156704907255423071433277e-24
-0.19573646663551920739064936889040255730987952978313
4.8245023626840226828337714386557203488931366711886e-24
0.10168117778678401110776475190002783300739260004043
-2.6917696363183252275107994040007707546499711812694e-24
-0.043718311811294799692388158358435217349343400341518
1.1510726013866753375743855089481709593972573598675e-24
0.014498153966214036231675390965057252514229628238017
-3.2368264942044551060955477590881749743138582591159e-25
-0.002901250191103190373361938452100338394905456647044
9.1008077714114176743420108858442224946158823964032e-27
-0.00031189635379614015255636034213144404917402213582477
5.2369340736799995299000465502655863903914917077529e-26
0.00059884188398891197810663795671790764250030762665506
-3.5356009135948612094309994062938761345009170518574e-26
-0.00030820418351005465575291029016049749327320684609105
1.3952225288535099018144581688169226500000738560911e-26
0.00010122716040338540186015705357809015980350055699751
-3.6395695031583958139405758009324229916170724344612e-27
-0.000022743076322587890788266803320961405608000814944027
6.2744517438161567547970565923390015282514065959899e-28
0.0000037860783896924054547602557292813176032689778074408
-1.3799396790223736928488246226188294609520758546803e-28
-0.0000011105815776968896776870247883569500412434867609951
1.0580682700502740425675493733370128564387990739455e-28
0.00000077342957355808576598962570160067892500717552623552
-7.552976639369536018634121426566088492595157013554e-29
-0.00000045996576007149321777135336811620775788615078174873
3.8711575342022830923566053239766525383112344732849e-29
0.00000020900947092265987958623762860783329593798756052089
-1.6161024447725610021584252553129939554719864528848e-29
-0.000000080859812244239933816388506121640125501111867536763
6.2430791006573619403259428216024935696994086563493e-30
0.000000029625920293541543869796181558045636932403137996609
-2.4057097388027273596074301868775299052700145769468e-30
-0.000000010809982769860210240562182855272796846276958447855
9.1151974656485858216690991258324250065917875231407e-31
0.0000000038204472509840419411887469244110244716946540099841
-3.1718239310228932412540114279561951078284177518091e-31
-0.0000000012196907237468700658145844523048107871126834159406
9.2663892905483422267490462563445202164015677307407e-32
0.00000000031668173973237916648125915939319573160226149139708
-1.8076213477798598234383780412944364152741904269569e-32
-0.000000000045803639958496010414971344025693221934927766100317
-1.6595141390411350094239070373773849854784761766975e-33
-0.000000000015149622446260602853958536147950857574368468035582
4.3271518589123823538300604232216185710616907005568e-33
0.000000000018315253634294356704940588203168550421482973643626
-3.0406997994046972058094513605464947842501608941288e-33
-0.000000000011132898751910360535702901596043187682208946705727
1.5897375081780447235077019460336627269889804601332e-33
0.0000000000053097831898248054431369002769615301618957874665721
-6.9531089001110789313333211377960942509375332578422e-34
-0.0000000000021496508855013246282167073273354008787612143179493
2.6104985098232478991395881403281383210893013562235e-34
0.00000000000075041597797987840893378450392423125249232428637326
-8.3596609866833794902465320445297502395246956442968e-35
-0.00000000000022374009551981528746527482788239883889470369640038
2.2284772889872602634010326991424267864475178347183e-35
0.000000000000055983809253416651277084885295158386967392292815918
-4.9589668081004661896365165913861956067787528624276e-36
-0.00000000000001244763245393765346438738800980063226483968745191
1.2817998522310746541335837259865558789747152402936e-36
0.0000000000000038952343441761112823053932029207809754759814409595
-7.6531598801018534926663947836073140749767748779098e-37
-0.0000000000000025257078487210427095143523085245899819624790047902
6.2359286250841767973118308247060646924248180873569e-37
0.0000000000000018648165036805368938005622342926658209965326922472
-4.3298431321849411666093385903411567756475414450719e-37
-0.0000000000000011731937202869944999679425202147999163195064495925
2.491297066199545351739436977947557571491932514621e-37
6.2494623101481734713348373228968874695624337474283e-16
-1.2344632678306056669955306455000178683599659265792e-37
-2.9190284041543438079413826167569317548091342722748e-16
5.498007444229683853377980741149711389347294256312e-38
1.2456686031826372012796967476863387426868682938305e-16
-2.3127461889712026216343815902760272330180555348792e-38
-5.0968437980531835480743379145293620815679047192818e-17
9.6978139247685032804571653611044406493780544577475e-39
2.0960751425020029054204196656079496014285990042814e-17
-4.1867568130760725451159594041157444302537910436961e-39
-8.8254611351835850000801608157113615254936647150334e-18
1.8257635632962056488619569126067633884826981731801e-39
3.6898815204175282105205301934358878488936743293373e-18
-7.5360841695673687201532487692814567810278772024171e-40
-1.4286365318435823033352893256772172683000892173629e-18
2.6679788090600060578955831900789942497822134849659e-40
4.5689909705516986249564642163297320803820733981634e-19
-6.399852348751683531740391339769996877666150517747e-41
-8.2047223825470185107275301794526887507617612239397e-20
-6.3359537981629819211553990788258510168707226157113e-42
-3.3466223202245460682791900027372911830233540706077e-20
2.2280871202307539708659466821392195470994027809431e-41
5.1414976284241520848013405885156895570909828393404e-20
-2.0086595780007679831813993435066537576138519168858e-41
-4.08576903539888814078934536978179455892066107278e-20
1.4015473402038831561436935360894625606983235356088e-41
2.6579767356511354687483174996197024353074413138923e-20
-8.6006427015369411923790729849996613842236054177554e-42
-1.5420797613893485747237262468537707689000756342484e-20
4.7924119274964441664979484151376562684211780752783e-42
8.1547463812703727459999270737008054695512156981907e-21
-2.4338808575250104605477427498219362474290578950438e-42
-3.9289961248290387160173537759299279932977340342673e-21
1.1138146584707607896730649811182106331786961862017e-42
1.699197385190098351866470962546717848389239721073e-21
-4.4520160594222133248051931967356934283792268980127e-43
-6.3623493591510304329001963388749050583490944889407e-22
1.441919329808511614768221641556316254589386497765e-43
1.8963893455269602152597240788330390795463480375919e-22
-3.0190256207705135496640967944281346398178673949991e-44
-3.5281881029390542585078194596366081523860826081154e-23
-3.2433030874746199034923906873658750428718040315889e-46
9.6437817289764603718878037479546639223162543738528e-25
4.4247816386228494053651643287630351344708309047297e-46
-5.0361207965482209143231365587535984107720691384973e-24
6.1121158094468959259946677487465559971069662783672e-45
1.4463220519137244981904666172706266671705008171615e-23
-1.0757576762953102073250651745337130925885953080661e-44
-1.9114029400953452618441644676210613909335878105712e-23
1.1829508773976670325454386418946070050015090396404e-44
1.8427977902441745179687180402377651804535110070875e-23
-1.0415427275299256941557034445458829778734175450006e-44
-1.4647329084227815931094920660738921543486724628844e-23
7.7188809152487458928064952179955973875845117610451e-45
9.9541621345125880788000144103388330701529667392421e-24
-4.6790552190112058942659132793136807601012499681994e-45
-5.6716329220695149006824476082260367544274378255761e-24
2.2629216853385621761563336237306651471758641947105e-45
2.7733895180654335706686867277490918606991402329077e-24
-1.1053998154553026971555461750514459286874114862386e-45
-1.4327846226106434723411269565552506912562899837497e-24
7.7572271447372846662151883721685615794658444352707e-46
1.0442067095023675679106509141567152739147442741737e-24
-6.7880580786947504010054235015753908934001490593532e-46
-6.9778627968741909474364307879987406227981321641261e-25
4.4035386865032657611052275012613336924818464952126e-46
