0.57272512482293949532738269027130467463451700821418
4.4807724917481128009135139779821222794147749454351e-31
-0.57675931810493086964096149337626275183953261788624
-8.5697000310754952522470707645423494027024314919342e-31
0.45370792426227217809320035567334796065994063010749
9.6554804599823232400264494168829794593591455938891e-31
-0.30652143459184126217593255461483952601236102796286
-8.0726839631150653127437759131594331851249354783972e-31
0.1765236333330723574565070037370569728282088006437
5.2613683033504565938670736906607756364373621366672e-31
-0.084929723037794307128191599098085886831078126448225
-2.6563647175979041934429519915717841960092186959645e-31
0.032728518978055072202007402721847911371989987262248
9.7094549899514830013367210918676777566995926715181e-32
-0.0090496646501713783026170109644076629363592371512936
-1.8804356972314738408584384030066319300880067621871e-32
0.0010094375825974899420394067566974053880350080444211
-4.4971100245773027101955297502919048239831097206314e-33
0.00061144153926689432277311468658054947109537170460157
5.8287383421770103832468882156513722612244158690744e-33
-0.00046763758208782361537257986861760003629955891367404
-2.8076014664232420017325370848932136787683862171126e-33
0.00018119925797502983011454762176743838310522487408577
8.5243762134126969330010377258140397078538197489202e-34
-0.000046733889749153812299722190166148938698912280104956
-1.7326003550331700619814390722136716207496817606249e-34
0.0000086885995162114008740573602794608985045051712884275
3.3054040169985072674565864649989041514301497727943e-35
-0.0000019386434564290682060673540034870963924992018149759
-1.7058797459580166443000269356794598413502840009809e-35
0.0000010337984727259971392294118701208963084481789795536
1.1781339472643913790205777694823186395929944264677e-35
-0.00000060456054841483873531317537738395581407390700623992
-6.1713446480745244068570984959507808515646651524733e-36
0.00000027891243264265788858942473838249245526404179459605
2.6134138062510008295125048830394523932743422790645e-36
-0.00000010859344160688165944362128072907396314654733973363
-1.0079371222425091463475171324728694720185376424583e-36
0.000000039388458039782654339084361883674401313997594164987
3.8040823081065377773403145526838877288997870982969e-37
-0.000000013974476840995961827990814501612969383899257617071
-1.389002058191506768711105159642950740989239638466e-37
0.0000000047321949170052606227234071620795989173321034470203
4.5878680848077122656529658448246493675353797658551e-38
-0.0000000014226279232055302222781581147666185383250284411559
-1.2263905009173410112432545835441411192827459357068e-38
0.00000000032992128419394135676914210138833228874852806118418
1.7580968095392068302501091394731104212010066628929e-39
-0.000000000025708500295310118369445818564455891947864999867504
6.9121353853413156064065808683381083899165570359095e-40
-0.000000000031118704092339688634961194468496634125028410630094
-8.1211114412114271617124887749059812722797165928362e-40
0.00000000002635176724055988521603246368055719019651314063462
4.9529997619224289888580805090219678544540951275088e-40
-0.000000000014223008850883620177655889864658322387385119015095
-2.3558929834620247337154233432359811159572276994125e-40
0.000000000006188067685854386194765050273671643831286980387775
9.3827466201291408105788258956869264455412072161751e-41
-0.0000000000022770894127371862581320089751144457237874640048754
-3.1572664548934141575477744518601133127421485372085e-41
0.00000000000071113763185516738138890975891823540312821213706476
8.8525571362613876782284118992618603262949132507046e-42
-0.00000000000018704373625570143206112884687122171486643167572373
-2.0972759460932864117937604842849541256725975104397e-42
0.000000000000044040255980992908909303306485833818223906215828423
5.6512647095147225448132849808240403183580491709267e-43
-0.000000000000013816297977900626051077445594596320121209778128026
-3.1630252022326009921253049504264090666986861880418e-43
0.0000000000000083334740397803523190831635612788977832087402074472
2.4524394723047621768215116982234278051106616608059e-43
-0.0000000000000059055132260999901463998778812247523006432886342673
-1.6657444584763914736866797815350604791811057279998e-43
0.0000000000000036409570603822914602619771260133671553565531593456
9.4462658766615280016650482939216055951213365931784e-44
-0.000000000000001913627989712039719920373817811737267199097445933
-4.6422738947440231864989215624687406661062572323354e-44
8.8919911329651407360232790893769587707027326692119e-16
2.0833641350926006878079300840554580878368458139817e-44
-3.8421119039241839981460426122174347974246606341483e-16
-9.080653049476883108202798080801565040558655893031e-45
1.6317079194954859413322708505666733347283726035531e-16
4.0349618618934425687882893596081247756314604725999e-45
-7.0472096123308505947933288238964609798267638306832e-17
-1.8204493642221949842217459405449677531086616525129e-45
3.0404922756043101659785562103836266367062026727613e-17
7.8388168196794191801587563051189772292348987435821e-46
-1.2253440606264720224266785833791066603900820010404e-17
-2.9131499714955273462979024037580889551125388361518e-46
4.1128520727960273098063109234358001516149583882443e-18
7.412915916084674119255157332615848910173712958984e-47
-7.9079076428029350515223405183659616508271074417141e-19
7.2837735651615856404410597763727256668118363547573e-48
-3.2271694815021408951575150305749207094932190596101e-19
-2.9076597196243953131981358024297280528906965807384e-47
5.4231893208880968505215234510344571857601104044822e-19
2.8399814752512656316100280695619200632630764168819e-47
-4.6255121708623658469041118808340280014455695162119e-19
-2.1224779191763981429394049622007823087739441423574e-47
3.197151535313443355256336649373362973209204481023e-19
1.3813318756173880023629128745888678153922238362266e-47
-1.9525838772016572671225513620688053564821268412947e-19
-8.0917545316730589430745682663136320651524542435199e-48
1.072588498668422787460933346263903761525490666705e-19
4.2553009735320889622275783730766781756871937079572e-48
-5.2324437330724812757475058630461178617325055843508e-20
-1.9367690248229759052024683253473112956293976249897e-48
2.1506854222206769921090711142671424265405676903005e-20
6.2722627548318617016848046750080268077004841033563e-49
-5.8506463665942439050244061042646587627829330775378e-21
2.6698937052171076159511439719490131067339714941931e-50
-7.8918859884300033653546964135663023557664079452038e-22
-2.5067983280012067267329013408185724615300428421358e-49
1.958168623912033640799986147352155539251777711962e-21
1.1384134686320782987099739339763604732606124578125e-49
1.1534562325441384362060879078408961367964604111161e-22
1.8212840888946058576218051240078550282382547746684e-49
-2.6525413448870528671887559226422094243816207120731e-21
-3.1720419665812050025842126733833574090833439661684e-49
3.0260295046572515453035325597613100952136110103534e-21
2.539828245284065257284005037232856856809360339319e-49
-2.1284410885494950913821832508227464807316869640218e-21
-1.5960914020866777835445100161498471462862822548739e-49
1.593827204820105205590637576910976943990968287699e-21
1.3826076130060720379199604628563119657418213379923e-49
-1.72340972708668468577087728098140723961065301233e-21
-1.7797463191336295002287481338739415655393330418748e-49
1.9122942225996384695860484500250925137669709428921e-21
1.5550235073112848214108025652470203302016876788341e-49
-1.3042177078498911752828253454940813857043222780571e-21
-6.61846639347578242250552697132661604378726958341e-50
1.5831491970000736035043726231748746914723288198024e-22
-3.264128776731984427338299216542922427390461228344e-50
6.782158422373811400334474924675097667203511541893e-22
8.1705366940670075299374928844589905912866496047746e-50
-9.0501361101680188134730342427200435436530273942415e-22
-7.8131008556328750586868700431958205427083664199456e-50
6.4066742938251448201976446416578707098461219489189e-22
7.3530233388065787220014737198770513727410033845765e-50
-5.8787235006940970003137916306846487914622124562546e-22
-4.0931730385246807165303874664990465186159925043384e-50
4.8125255186042803814464661573474266158251713094011e-22
-1.3093050931473385581599018824482985865530063585459e-50
-1.5895150994651528130897356095725947067835820401515e-22
-3.505817006252211468111208342158325882025847430801e-51
1.2166191330119724561591655617522031714362781024525e-22
5.3285703720967738794412097272604209616828786553544e-50
-3.3585360956646837317440458940608962563954584549251e-22
-8.6033929472887496516717547823028892011359464750474e-50
5.0805786884613356790915757583955269237543580465937e-22
7.7701222143425189964824819259856669915054307152673e-50
-4.488210940963950775832865908214122672679745724335e-22
-5.894559664220061122373715457562809226346766909021e-50
2.6261934374999855141623038439010261833966490455454e-22
5.2451067554868111504283893098570999459756490627806e-50
-3.1644514815625895602780256638676142359619927477391e-22
-3.3438255183224248477619291564291782921697109781147e-50
3.2671143001439471932375379200980154540202079298203e-22
6.9640351631722909670863866806307754705887320402153e-51
-2.0323425091639214347694314286845347131774431255448e-22
8.90945493487484321084043907212312214238836252349e-51
