0.63431914994514940699404744331708872587354875395587
-2.6292104573571737104627808401736942592161640977736e-25
-0.60376687650182031319741471564716334532176445667736
4.5359410595019031486968845738298856928725621234893e-25
0.41540092931601625521662890909837903457636763840595
-4.2205043078536814936192670996138190764024486448049e-25
-0.22549394441426219558224342674587427173358514470404
2.6301160172671153089698110391766414137556237908202e-25
0.0942050727579011109459517480163150394259231970417
-1.1105180073959130067545285329538741571671545192859e-25
-0.028303472901376314213607312719615826533505295647197
2.7528932772531238802220291918760178617478453784234e-26
0.0048109067967611901011487529625472093652612175330655
-1.8828351963450966085805785963786886269675116226994e-28
0.00037830447224198959971738580110878997804541617142816
-3.0383903393107964599812295271584923332008827645387e-27
-0.00055805903634494539659116285176401260550599118514853
1.3991031771298339452079545308553441136964701570355e-27
0.00019976013291217790714772778222836567061885479335463
-3.7038473642981478416526722766445716950558163647335e-28
-0.000045974617260068506588043551245550775639870854432727
8.0902878501156267564361860733565772750959189123225e-29
0.000009858158561986483800868841764327375203313915604212
-2.6633376171970005662210071245886549304516055241375e-29
-0.0000032639203114783977036624488506397013651142987822346
1.2893777646662269824290744653165158772748822337385e-29
0.0000014220897511482270341873821111168096461357070269669
-5.875588671975461814682478963264905112298513400542e-30
-0.00000057728561746567273316467404087690160141248675431902
2.3525552022801784646243279755365883592350350491148e-30
0.00000020922544393354784176457356080390188352966725462222
-8.5682881207971785544399909003220691805669371467498e-31
-0.000000069006571288901926344169554696590843438770562623625
2.7751041114028417735654121640565352157167561021848e-31
0.000000019857048442583665134310457890391550281144891180678
-6.9303133484929745857926101315221210550883232428412e-32
-0.0000000041044575366839542973225064064451151235349395158032
4.8597335984022791492823918973716363951810557267136e-33
-0.000000000071647861760777353888021732517547209273994853284595
8.5130219231537442469303900580910788669441188332416e-33
0.0000000006735388755609809342774132949519915730204122518911
-7.1085191338873446842769181311851448798602095479596e-33
-0.00000000044868444219567010707371648414896418240560740062243
3.5702012309105401778215898231674428989977385391856e-33
0.00000000019670840475469108799358174680724484288755751437822
-1.2464052635953387345397091646105788373148450616427e-33
-0.00000000006350250447803824074110827562879583075311731716465
3.3138183694985733052061801475291455433589977294337e-34
0.000000000018138460749132069158866225722605318125429951377992
-1.5337014188467672989143923214749454383227022251616e-34
-0.0000000000095496551857400758784628905808694285087131845157384
1.4318361931782847677925613859610905721323922774001e-34
0.0000000000074612896708274189588107465128794815050302886365681
-1.1386378302466512621971674755893981659612902906264e-34
-0.0000000000050067973419278105439830282336572332647526060524882
1.02725533940701697435904489377720626412536642315e-34
0.0000000000035999740082089344702073164377720769750214889979036
-8.771128012287229207375876020828742517485795066269e-35
-0.0000000000033046832931049556916104948599907866820563287845839
4.0775589830928618037195529172231797542586218935821e-35
0.0000000000017922464702978395214891448256674894847085426091351
5.2056067138358631808131628085922156789398975536589e-36
-0.00000000000016240532776649371042736588815115692626296199070833
2.1940574783213727341080108166198263381078203069994e-36
0.00000000000067101536428322158387322856641263322964447347102661
-2.6087722023253148309076129070233905403721354561827e-35
-0.0000000000019645767885396358612998695032928696067884258623091
3.2047526748197177932966391797053625213029335290461e-35
0.0000000000016912841305505754977729293965697549617316976902619
-3.4588337219919711147729620881054347273825966809641e-35
-0.0000000000012790895294374345963685580119028500881816067105307
3.9555324506905996606190746818726507003505771388964e-35
0.0000000000013258624619351535979195841210403451251960034550249
-1.1650912264533228767545727061557503545542606296934e-35
-0.00000000000050731511867963117187162148412889654287072179785851
-2.1684201173941893807244571068945532235026216032606e-35
-0.0000000000009587466683983382983666812089442637839952321552318
2.2646031593377223442361862966963223658855777870893e-35
0.0000000000011002730799549761099027980177576629315643897138364
-1.0982920765836326258220972174868608997586338931852e-35
-0.0000000000005953518770814587289703833477165885744232969083334
2.3952282690004173219901853704264249040800856404882e-35
0.00000000000058356927830879850979953864709319010193246584860512
-2.9644302746380457238910303331796537893763691015576e-35
-0.00000000000052192796378012348885175560473711354150539446088086
1.5439341445274003377705413265600949246507856254051e-35
-0.000000000000025297276967426701975126375061221828025608379038435
-6.9254967148266468606152458778002516156490967992258e-36
-0.000000000000081307455274197978465890853342451472321884447952276
5.4723594752539480205447596640162254553138572522603e-36
0.00000000000054929977922822294689414178644167112723089757653572
1.2613259581781944098706349840200731565849945815107e-35
-0.00000000000033120147973352107921462986185209616063991720373355
-2.2887919805971091634459685131725858531562435370419e-35
-0.00000000000018634576415702381947994551768483713282462803135038
1.1504743074206889312701567718069675849479287255216e-35
-0.000000000000063062577333003303882435935520619782087677134211814
-2.2063724473568731256891643778640171724095828690045e-36
0.00000000000029747383110916018821527065670687179915912937169306
8.2509231462463356785039576334761382076463010017626e-36
-0.00000000000008598727083545840828266633504068592300034899713091
-5.0150896559572896395794347299280969911567174677423e-36
0.0000000000000077287367820670760361792190790769822853791662299628
-1.4167621598191158486349758918907657839994943249252e-36
-0.000000000000073136093100464970894597443039134069583817932914894
-1.2228942990458987351206223995781124666139554991707e-36
-0.00000000000033793717692498397919282295168864389523046915693529
1.8188730456004654659990035400706896314390794720106e-37
0.00000000000053919707732153077535137756115377222802097716267058
1.0997935297145820796054442030695008115955270527992e-35
-0.00000000000017246884002967391087674901415270457386327638271304
-8.0982605832786808762056706963634289464573532962332e-36
-0.000000000000047956790548907878151984214658788231991092119895648
-2.3734865249200525839942510701750694216012889349106e-36
-0.00000000000016482941653423654153012595174573528833563933535921
2.4161431355357237444904855494894908686644505390812e-36
-0.0000000000000038585124891983056680257056034922326019270457762064
2.2464723935046742097069942262787039179699520965102e-36
0.00000000000034821323305073394229894599121147373349861009360709
-1.124801850512970157457150263527820259411318179226e-37
-0.00000000000038532853177844333738315866923559304309389803862926
3.9188740583245500840977976450241067093021134892925e-36
0.00000000000038874347629117711059068176184765964318698343451669
-7.9312320931374155519618167891253086432122272516054e-36
-0.00000000000054903670782753549351279965165715169317063103209328
4.0303255768579701131437032077314322064946325728079e-37
0.00000000000028731263899379232492417585115861536868448028787501
6.5272124660410544769440720444179372299190140769967e-36
