0.6343161478428271872757231901517050592760838171235
-4.6255759163785385713997017774050996397184531497064e-25
-0.60376617304052876812725769845820741341010026459402
7.980109662454226082078508229208785288403480091404e-25
0.41540369730948632896186529225067858152228983218688
-7.4251874393912897230833077108323587083847159979887e-25
-0.22549789346109318086062643138959357894441052029287
4.6272174055935041627550647095923229659118379733134e-25
0.094207817858264913011740259363347217651259801815839
-1.9537647060097913843225454166107140005775841234079e-25
-0.028304515709911593153236732152410879078908545594017
4.8432358328092755156072868023970260499667562924838e-26
0.0048110050463255735075484386618473413259268820817668
-3.3100019084109064667279089605656261718934364626464e-28
0.00037842572543892506150483434544225896447140770853709
-5.3457112292038026888177415636194153675488654690999e-27
-0.00055813540731592758365601681213085351166148887970108
2.4615499038470719803537285879893229812403585064896e-27
0.00019978411746227250503415296023159048463570597572046
-6.5164424859730809115796454629082601801968456726682e-28
-0.000045980054083496017586609826907466020505538142228641
1.423398593032155152360798978371854259110757907872e-28
0.0000098598933374673927645261692465793017031740132027465
-4.6860343689854066678180847770497648005662390267835e-29
-0.0000032648613664669442726142087448112755205529059808256
2.268655518542663436065433845237447671859312242492e-29
0.0000014225787036853429401513194342222575400798396998227
-1.0338177853173482706950522834400481233888220218884e-29
-0.00000057750345296756022331712549536158019907784927338001
4.1394055084344066641298264258552832027231548371404e-30
0.00000020931320240058137336756821987495808831288127509353
-1.5076421656048838750019515751258823079994218111966e-30
-0.000000069038521399316543074335846904469023035587541824912
4.8830212725442778410217541830941376122733128947786e-31
0.00000001986654274807672056044926303696224239691086736517
-1.2194167699923866637621786507135074609844632936118e-31
-0.0000000041058009210888926911744454599884796426300744337344
8.5473707765849436129521119622691357499613425319093e-33
-0.000000000072382441261394287252705819223991528489868111618983
1.4982742992349042444996232536281080740853305304641e-32
0.00000000067447451135335967624109406748728941272715332421512
-1.251110372660285605678374104369137393790451992423e-32
-0.00000000044923552599585952570968616123123018807750138563512
6.2825831652410981400404469376998403618077720119737e-33
0.00000000019687103034322874910261657505496451794051972730728
-2.1935799724447050385697117321019005512512440975818e-33
-0.000000000063625520561914032560490904941258340186881449191696
5.8351544213551437338494983929257378992007153596154e-34
0.000000000018107347502960770913800662724578931717545252803863
-2.6915757265609854636781601572620780932404114227025e-34
-0.0000000000095676857746359621027924351129625649233322552164478
2.5279728333797070198807237714719543160505548099813e-34
0.0000000000075405619207140767475399354453122911716284622905459
-2.0038115945635525456456271345362744681512358651046e-34
-0.0000000000049404501915989613508100478347292143099066950887335
1.8005911059222415242382181955137087096014912905395e-34
0.0000000000036612530348071094040127165751607760434685675786485
-1.5569195388258854728871226876624640702981228595237e-34
-0.0000000000033494344720692167344121119747064144819800797124261
7.1088679988688053549513584466543071896651233102835e-35
0.0000000000017116328289772410457421627395054804509524973887036
9.5951650088860746210275771524457388627622656725852e-36
-0.00000000000021311095078757101579885647964600833671985646302182
4.9268413410518436139851567003501416371125412980201e-36
0.00000000000069767848392108680570830184712322820018532555428325
-4.5230724900074701268566978007997000700529261281751e-35
-0.0000000000019005122930155015005698976459904847008402225768452
5.6278983622704023271542977414283783181660133763292e-35
0.0000000000017309190449730917341043815746582949579927668746425
-6.1518018417296004794336724371410065153526561531158e-35
-0.0000000000013356667608669183059166770471559010690529140491663
6.9732343801830979429728404624219053086651480485182e-35
0.000000000001268253333342422843686684975591205105972080065175
-1.9791243382813637155211950813145774983362815012543e-35
-0.00000000000050096771635093814979538223464515987309310213099198
-3.7768790759465020172795667832069181781210118753231e-35
-0.00000000000089974350485151974434768740121774321921193434896659
3.9294434735135249606121628404502875119934300796526e-35
0.0000000000011421493536954041154577905187119729849449946150007
-2.0604139848893718017574751555596834153633265646879e-35
-0.00000000000063975704943251984459820942151411449780587356504879
4.1762109854383864648708412129194630470659074002022e-35
0.00000000000054528332158422965741746383000879047530634488814425
-5.1310461759326206483231247750304559438840065207661e-35
-0.00000000000051399283415346763551451940575120111177948648443327
2.8521320465681141241262597139711824215076562298567e-35
0.00000000000001355152596557540418974510085314598129246484812869
-1.2235525460321820828315680140289029053227721848463e-35
-0.00000000000010980690530110416946901571035171802141992073319011
8.9370362064016153495687649998687799723122858233544e-36
0.00000000000051941311167944533481238221512654710110140525213262
2.2271520636310236316772516068853157244413060280082e-35
-0.00000000000028368640534295614814149712553138292066993727012601
-4.021764701033747920577691504362359743286590281637e-35
-0.00000000000018099335346592561310001403753836729998423522820403
2.0236335921853874702035486626140115094998484748595e-35
-0.000000000000094336570757506167752580213001916721298765422379358
-4.0348024509100725719532688701278932405071916633389e-36
0.00000000000030118539801036503029517678402652364585124227087386
1.4493537073713747250597761321305071937677840448285e-35
-0.000000000000056536785849333150713483555398402350601267749527602
-8.9896333163125804885416563641709384686281839959585e-36
-0.000000000000034030560070838634966081906530451652661080216257707
-1.647323294556980713709067149180833514833076986755e-36
-0.000000000000079806409948292127827198965463007718834420801033499
-1.6945422955792265064100638067964079972100759344029e-36
-0.00000000000029821334408000727934385048150317833106969265126136
-6.4914781224775860496278717081478698361774716322961e-37
0.00000000000049877399512584488445447363618824119090006520157689
2.0008856793622528661070785610496715056893187714693e-35
-0.00000000000017998078853168090449344087514060564083107154239966
-1.4255659668804135545997888384059417330597623094884e-35
