14.1347251417
21.0220396388
25.0108575801
30.4248761259
32.9350615877
37.5861781588
40.9187190121
43.3270732809
48.0051508812
49.7738324777
52.9703214777
56.4462476971
59.3470440026
60.8317785246
65.1125440481
67.0798105295
69.5464017112
72.0671576745
75.7046906991
77.1448400689
79.3373750202
82.9103808541
84.7354929805
87.4252746131
88.8091112076
92.4918992706
94.6513440405
95.8706342282
98.8311942182
101.3178510057
103.7255380405
105.4466230523
107.1686111843
111.0295355432
111.8746591770
114.3202209155
116.2266803209
118.7907828660
121.3701250024
122.9468292936
124.2568185543
127.5166838796
129.5787042000
131.0876885309
133.4977372030
134.7565097534
138.1160420545
139.7362089521
141.1237074040
143.1118458076
146.0009824868
147.4227653426
150.0535204208
150.9252576122
153.0246938112
156.1129092942
157.5975918176
158.8499881714
161.1889641376
163.0307096872
165.5370691879
167.1844399782
169.0945154156
169.9119764794
173.4115365196
174.7541915234
176.4414342977
178.3774077761
179.9164840203
182.2070784844
184.8744678484
185.5987836777
187.2289225835
189.4161586560
192.0266563607
193.0797266038
195.2653966795
196.8764818410
198.0153096763
201.2647519437
202.4935945141
204.1896718031
205.3946972022
207.9062588878
209.5765097169
211.6908625954
213.3479193597
214.5470447835
216.1695385083
219.0675963490
220.7149188393
221.4307055547
224.0070002546
224.9833246696
227.4214442797
229.3374133055
231.2501887005
231.9872352532
233.6934041789
236.5242296658
237.7698204809
239.5554775733
241.0491577962
242.8232719342
244.0708984971
247.1369900749
248.1019900601
249.5736896447
251.0149477950
253.0699867480
255.3062564549
256.3807136944
258.6104394915
259.8744069897
260.8050845046
263.5738939049
265.5578518389
266.6149737815
267.9219150828
269.9704490240
271.4940556416
273.4596091884
275.5874926493
276.4520495031
278.2507435298
279.2292509277
282.4651147651
283.2111857332
284.8359639809
286.6674453630
287.9119205014
289.5798549292
291.8462913291
293.5584341394
294.9653696193
295.5732548790
297.9792770619
299.8403260537
301.6493254622
302.6967495896
